7.940000000000000391e-01
7.469999999999999973e-01
6.129999999999999893e-01
4.749999999999999778e-01
3.659999999999999920e-01
2.129999999999999949e-01
1.299999999999999940e-02
-1.330000000000000071e-01
-1.749999999999999889e-01
-2.260000000000000064e-01
-2.700000000000000178e-01
-2.819999999999999729e-01
-2.989999999999999880e-01
-3.400000000000000244e-01
-3.260000000000000120e-01
-3.109999999999999987e-01
-2.939999999999999836e-01
-2.700000000000000178e-01
-2.500000000000000000e-01
-2.159999999999999976e-01
-2.059999999999999887e-01
-2.000000000000000111e-01
-1.890000000000000013e-01
-1.849999999999999978e-01
-1.660000000000000087e-01
-1.429999999999999882e-01
-1.300000000000000044e-01
-1.130000000000000032e-01
-8.999999999999999667e-02
-9.900000000000000466e-02
-8.699999999999999400e-02
-7.000000000000000666e-02
-7.900000000000000078e-02
-9.500000000000000111e-02
-8.799999999999999489e-02
-8.300000000000000433e-02
-8.699999999999999400e-02
-8.200000000000000344e-02
-6.500000000000000222e-02
-5.600000000000000117e-02
-5.500000000000000028e-02
-5.299999999999999850e-02
-5.000000000000000278e-02
-5.000000000000000278e-02
-4.200000000000000261e-02
-4.000000000000000083e-02
-3.899999999999999994e-02
-3.400000000000000244e-02
-2.999999999999999889e-02
-2.599999999999999881e-02
-2.199999999999999872e-02
-2.000000000000000042e-02
-2.000000000000000042e-02
-2.000000000000000042e-02
-2.000000000000000042e-02
-1.700000000000000122e-02
-1.400000000000000029e-02
-1.499999999999999944e-02
-1.499999999999999944e-02
-7.000000000000000146e-03
0.000000000000000000e+00
-2.000000000000000042e-03
-5.000000000000000104e-03
0.000000000000000000e+00
8.999999999999999320e-03
1.099999999999999936e-02
8.999999999999999320e-03
1.099999999999999936e-02
1.499999999999999944e-02
1.499999999999999944e-02
1.499999999999999944e-02
1.499999999999999944e-02
1.600000000000000033e-02
2.000000000000000042e-02
2.000000000000000042e-02
2.000000000000000042e-02
2.000000000000000042e-02
2.100000000000000130e-02
2.500000000000000139e-02
2.500000000000000139e-02
2.400000000000000050e-02
2.900000000000000147e-02
3.599999999999999728e-02
4.000000000000000083e-02
4.399999999999999745e-02
4.399999999999999745e-02
4.800000000000000100e-02
5.600000000000000117e-02
5.999999999999999778e-02
6.500000000000000222e-02
6.400000000000000133e-02
6.900000000000000577e-02
7.499999999999999722e-02
7.499999999999999722e-02
8.400000000000000522e-02
8.500000000000000611e-02
8.899999999999999578e-02
9.500000000000000111e-02
9.500000000000000111e-02
1.160000000000000059e-01
1.250000000000000000e-01
1.419999999999999873e-01
1.610000000000000042e-01
1.549999999999999989e-01
1.590000000000000024e-01
1.570000000000000007e-01
1.570000000000000007e-01
1.600000000000000033e-01
1.549999999999999989e-01
1.580000000000000016e-01
1.690000000000000113e-01
1.809999999999999942e-01
1.930000000000000049e-01
2.049999999999999878e-01
2.099999999999999922e-01
2.099999999999999922e-01
2.099999999999999922e-01
2.109999999999999931e-01
2.149999999999999967e-01
2.179999999999999993e-01
2.320000000000000118e-01
2.459999999999999964e-01
2.510000000000000009e-01
2.550000000000000044e-01
2.590000000000000080e-01
2.620000000000000107e-01
2.690000000000000169e-01
2.760000000000000231e-01
2.750000000000000222e-01
2.710000000000000187e-01
2.670000000000000151e-01
2.630000000000000115e-01
2.590000000000000080e-01
2.550000000000000044e-01
2.500000000000000000e-01
2.510000000000000009e-01
2.449999999999999956e-01
2.320000000000000118e-01
2.250000000000000056e-01
2.270000000000000073e-01
2.079999999999999905e-01
1.880000000000000004e-01
1.849999999999999978e-01
1.799999999999999933e-01
1.640000000000000069e-01
1.529999999999999971e-01
1.449999999999999900e-01
1.320000000000000062e-01
1.199999999999999956e-01
1.120000000000000023e-01
