-3.500000000000000333e-02
-4.000000000000000083e-02
-6.099999999999999867e-02
-7.000000000000000666e-02
-7.000000000000000666e-02
-7.000000000000000666e-02
-7.000000000000000666e-02
-7.000000000000000666e-02
-7.000000000000000666e-02
-7.000000000000000666e-02
-7.000000000000000666e-02
-7.000000000000000666e-02
-7.000000000000000666e-02
-7.000000000000000666e-02
-7.000000000000000666e-02
-7.000000000000000666e-02
-7.000000000000000666e-02
-7.399999999999999634e-02
-7.499999999999999722e-02
-7.499999999999999722e-02
-7.499999999999999722e-02
-7.499999999999999722e-02
-7.499999999999999722e-02
-7.499999999999999722e-02
-7.499999999999999722e-02
-7.499999999999999722e-02
-7.499999999999999722e-02
-7.499999999999999722e-02
-7.499999999999999722e-02
-7.299999999999999545e-02
-6.900000000000000577e-02
-6.500000000000000222e-02
-6.099999999999999867e-02
-5.999999999999999778e-02
-5.800000000000000294e-02
-5.500000000000000028e-02
-5.500000000000000028e-02
-4.299999999999999656e-02
-3.300000000000000155e-02
-2.800000000000000058e-02
-2.299999999999999961e-02
-1.499999999999999944e-02
-7.000000000000000146e-03
-2.000000000000000042e-03
-1.299999999999999940e-02
-2.699999999999999969e-02
-2.500000000000000139e-02
-2.500000000000000139e-02
-2.500000000000000139e-02
-2.699999999999999969e-02
-2.199999999999999872e-02
0.000000000000000000e+00
2.100000000000000130e-02
3.300000000000000155e-02
3.500000000000000333e-02
3.500000000000000333e-02
4.000000000000000083e-02
4.499999999999999833e-02
8.999999999999999320e-03
3.000000000000000062e-03
4.499999999999999833e-02
7.000000000000000666e-02
7.499999999999999722e-02
7.499999999999999722e-02
5.800000000000000294e-02
3.799999999999999906e-02
4.000000000000000083e-02
4.000000000000000083e-02
4.000000000000000083e-02
4.000000000000000083e-02
4.000000000000000083e-02
4.000000000000000083e-02
4.000000000000000083e-02
4.000000000000000083e-02
4.000000000000000083e-02
4.000000000000000083e-02
4.000000000000000083e-02
4.200000000000000261e-02
2.599999999999999881e-02
7.000000000000000146e-03
-2.000000000000000042e-03
-5.000000000000000104e-03
-3.000000000000000062e-03
1.000000000000000021e-02
-2.000000000000000042e-03
-2.900000000000000147e-02
-3.500000000000000333e-02
-5.099999999999999672e-02
-5.999999999999999778e-02
-5.999999999999999778e-02
-5.999999999999999778e-02
-5.999999999999999778e-02
-5.999999999999999778e-02
-5.999999999999999778e-02
-5.999999999999999778e-02
-5.999999999999999778e-02
-5.999999999999999778e-02
-6.400000000000000133e-02
-6.500000000000000222e-02
-6.500000000000000222e-02
-6.500000000000000222e-02
-6.500000000000000222e-02
-6.500000000000000222e-02
-6.500000000000000222e-02
-6.400000000000000133e-02
-6.700000000000000400e-02
-7.499999999999999722e-02
-7.599999999999999811e-02
-7.399999999999999634e-02
-7.699999999999999900e-02
-8.000000000000000167e-02
-8.000000000000000167e-02
-7.900000000000000078e-02
-8.300000000000000433e-02
-8.500000000000000611e-02
-8.599999999999999312e-02
-8.999999999999999667e-02
-9.400000000000000022e-02
-9.500000000000000111e-02
-9.400000000000000022e-02
-9.600000000000000200e-02
-1.000000000000000056e-01
-1.000000000000000056e-01
-9.900000000000000466e-02
-1.019999999999999934e-01
-1.049999999999999961e-01
-1.049999999999999961e-01
-1.049999999999999961e-01
-1.079999999999999988e-01
-1.120000000000000023e-01
-1.160000000000000059e-01
-1.199999999999999956e-01
-1.270000000000000018e-01
-1.069999999999999979e-01
-8.899999999999999578e-02
-6.400000000000000133e-02
5.000000000000000104e-03
9.099999999999999756e-02
1.960000000000000075e-01
3.479999999999999760e-01
5.210000000000000187e-01
6.800000000000000488e-01
8.579999999999999849e-01
1.004000000000000004e+00
1.090000000000000080e+00
1.106999999999999984e+00
1.074999999999999956e+00
1.044999999999999929e+00
8.850000000000000089e-01
7.069999999999999618e-01
