-1.130000000000000032e-01
-1.049999999999999961e-01
-1.000000000000000056e-01
-1.039999999999999952e-01
-1.189999999999999947e-01
-1.489999999999999936e-01
-1.799999999999999933e-01
-1.739999999999999880e-01
-1.630000000000000060e-01
-1.559999999999999998e-01
-1.479999999999999927e-01
-1.449999999999999900e-01
-1.590000000000000024e-01
-1.849999999999999978e-01
-2.139999999999999958e-01
-2.149999999999999967e-01
-1.749999999999999889e-01
-1.449999999999999900e-01
-9.600000000000000200e-02
-6.800000000000000488e-02
-4.299999999999999656e-02
1.499999999999999944e-02
4.100000000000000172e-02
1.680000000000000104e-01
2.780000000000000249e-01
3.069999999999999951e-01
3.649999999999999911e-01
4.660000000000000253e-01
5.430000000000000382e-01
5.460000000000000409e-01
5.240000000000000213e-01
4.899999999999999911e-01
3.200000000000000067e-01
2.099999999999999922e-01
1.419999999999999873e-01
5.399999999999999939e-02
-5.000000000000000104e-03
-1.200000000000000025e-02
-6.000000000000000125e-03
-3.699999999999999817e-02
-6.600000000000000311e-02
-5.000000000000000278e-02
-7.000000000000000666e-02
-1.079999999999999988e-01
-1.079999999999999988e-01
-1.140000000000000041e-01
-1.650000000000000078e-01
-1.559999999999999998e-01
-1.390000000000000124e-01
-1.310000000000000053e-01
-1.229999999999999982e-01
-1.100000000000000006e-01
-9.900000000000000466e-02
-1.160000000000000059e-01
-1.270000000000000018e-01
-1.539999999999999980e-01
-2.099999999999999922e-01
-1.749999999999999889e-01
-1.260000000000000009e-01
-1.140000000000000041e-01
-1.209999999999999964e-01
-1.199999999999999956e-01
-1.179999999999999938e-01
-1.350000000000000089e-01
-1.509999999999999953e-01
-1.749999999999999889e-01
-2.149999999999999967e-01
-2.049999999999999878e-01
-1.920000000000000040e-01
-1.869999999999999996e-01
-1.769999999999999907e-01
-1.650000000000000078e-01
-1.570000000000000007e-01
-1.479999999999999927e-01
-1.459999999999999909e-01
-1.509999999999999953e-01
-1.499999999999999944e-01
-1.390000000000000124e-01
-1.260000000000000009e-01
-1.300000000000000044e-01
-1.150000000000000050e-01
-8.999999999999999667e-02
-1.819999999999999951e-01
-1.960000000000000075e-01
-1.489999999999999936e-01
-1.439999999999999891e-01
-1.700000000000000122e-01
-1.559999999999999998e-01
-1.380000000000000115e-01
-1.189999999999999947e-01
-8.599999999999999312e-02
-6.500000000000000222e-02
-1.010000000000000064e-01
-1.519999999999999962e-01
-1.640000000000000069e-01
-1.459999999999999909e-01
-1.400000000000000133e-01
-1.330000000000000071e-01
-1.199999999999999956e-01
-1.120000000000000023e-01
-1.000000000000000056e-01
-1.000000000000000056e-01
-1.650000000000000078e-01
-1.640000000000000069e-01
-1.199999999999999956e-01
-1.229999999999999982e-01
-1.650000000000000078e-01
-1.630000000000000060e-01
-1.559999999999999998e-01
-1.509999999999999953e-01
-1.439999999999999891e-01
-1.400000000000000133e-01
-1.370000000000000107e-01
-1.590000000000000024e-01
-1.700000000000000122e-01
-1.570000000000000007e-01
-1.499999999999999944e-01
-1.419999999999999873e-01
-1.340000000000000080e-01
-1.260000000000000009e-01
-1.179999999999999938e-01
-1.100000000000000006e-01
-1.100000000000000006e-01
-1.089999999999999997e-01
-1.150000000000000050e-01
-1.179999999999999938e-01
-1.000000000000000056e-01
-8.400000000000000522e-02
-6.400000000000000133e-02
-4.900000000000000189e-02
-2.599999999999999881e-02
-1.499999999999999944e-02
-1.019999999999999934e-01
-1.290000000000000036e-01
-1.160000000000000059e-01
-1.209999999999999964e-01
-1.250000000000000000e-01
-1.250000000000000000e-01
-1.229999999999999982e-01
-1.290000000000000036e-01
-1.160000000000000059e-01
-8.000000000000000167e-02
-1.049999999999999961e-01
-1.370000000000000107e-01
-1.300000000000000044e-01
-9.700000000000000289e-02
-7.000000000000000666e-02
-4.800000000000000100e-02
-4.299999999999999656e-02
-2.999999999999999889e-02
